	0.4	0.2	0
	0.4	0.2	0.000203777
	0.41	0.2	0
	0.41	0.2	0.000203777
	0.42	0.2	0
	0.42	0.2	0.000203777
	0.43	0.2	0
	0.43	0.2	0.000203777
	0.44	0.2	0
	0.44	0.2	0.000203777
	0.45	0.2	0
	0.45	0.2	0.000203777
	0.46	0.2	0
	0.46	0.2	0.000203777
	0.47	0.2	0
	0.47	0.2	0.000203777
	0.48	0.2	0
	0.48	0.2	0.000203777
	0.49	0.2	0
	0.49	0.2	0.000203777
	0.5	0.2	0
	0.5	0.2	0.000203777
	0.51	0.2	0
	0.51	0.2	0.000203777
	0.52	0.2	0
	0.52	0.2	0.000203777
	0.53	0.2	0
	0.53	0.2	0.000203777
	0.54	0.2	0
	0.54	0.2	0.000203777
	0.55	0.2	0
	0.55	0.2	0.000203777
	0.56	0.2	0
	0.56	0.2	0.000203777
	0.57	0.2	0
	0.57	0.2	0.000203777
	0.58	0.2	0
	0.58	0.2	0.000203777
	0.59	0.2	0
	0.59	0.2	0.000203777
	0.6	0.2	0
	0.6	0.2	0.000203777

	0.4	0.8	0
	0.4	0.8	0.000203777
	0.41	0.8	0
	0.41	0.8	0.000203777
	0.42	0.8	0
	0.42	0.8	0.000203777
	0.43	0.8	0
	0.43	0.8	0.000203777
	0.44	0.8	0
	0.44	0.8	0.000203777
	0.45	0.8	0
	0.45	0.8	0.000203777
	0.46	0.8	0
	0.46	0.8	0.000203777
	0.47	0.8	0
	0.47	0.8	0.000203777
	0.48	0.8	0
	0.48	0.8	0.000203777
	0.49	0.8	0
	0.49	0.8	0.000203777
	0.5	0.8	0
	0.5	0.8	0.000203777
	0.51	0.8	0
	0.51	0.8	0.000203777
	0.52	0.8	0
	0.52	0.8	0.000203777
	0.53	0.8	0
	0.53	0.8	0.000203777
	0.54	0.8	0
	0.54	0.8	0.000203777
	0.55	0.8	0
	0.55	0.8	0.000203777
	0.56	0.8	0
	0.56	0.8	0.000203777
	0.57	0.8	0
	0.57	0.8	0.000203777
	0.58	0.8	0
	0.58	0.8	0.000203777
	0.59	0.8	0
	0.59	0.8	0.000203777
	0.6	0.8	0
	0.6	0.8	0.000203777


	0.4	2.2	0
	0.4	2.2	4.07555e-05
	0.41	2.2	0
	0.41	2.2	4.07555e-05
	0.42	2.2	0
	0.42	2.2	4.07555e-05
	0.43	2.2	0
	0.43	2.2	4.07555e-05
	0.44	2.2	0
	0.44	2.2	4.07555e-05
	0.45	2.2	0
	0.45	2.2	4.07555e-05
	0.46	2.2	0
	0.46	2.2	4.07555e-05
	0.47	2.2	0
	0.47	2.2	4.07555e-05
	0.48	2.2	0
	0.48	2.2	4.07555e-05
	0.49	2.2	0
	0.49	2.2	4.07555e-05
	0.5	2.2	0
	0.5	2.2	4.07555e-05
	0.51	2.2	0
	0.51	2.2	4.07555e-05
	0.52	2.2	0
	0.52	2.2	4.07555e-05
	0.53	2.2	0
	0.53	2.2	4.07555e-05
	0.54	2.2	0
	0.54	2.2	4.07555e-05
	0.55	2.2	0
	0.55	2.2	4.07555e-05
	0.56	2.2	0
	0.56	2.2	4.07555e-05
	0.57	2.2	0
	0.57	2.2	4.07555e-05
	0.58	2.2	0
	0.58	2.2	4.07555e-05
	0.59	2.2	0
	0.59	2.2	4.07555e-05
	0.6	2.2	0
	0.6	2.2	4.07555e-05

	0.4	2.8	0
	0.4	2.8	4.07555e-05
	0.41	2.8	0
	0.41	2.8	4.07555e-05
	0.42	2.8	0
	0.42	2.8	4.07555e-05
	0.43	2.8	0
	0.43	2.8	4.07555e-05
	0.44	2.8	0
	0.44	2.8	4.07555e-05
	0.45	2.8	0
	0.45	2.8	4.07555e-05
	0.46	2.8	0
	0.46	2.8	4.07555e-05
	0.47	2.8	0
	0.47	2.8	4.07555e-05
	0.48	2.8	0
	0.48	2.8	4.07555e-05
	0.49	2.8	0
	0.49	2.8	4.07555e-05
	0.5	2.8	0
	0.5	2.8	4.07555e-05
	0.51	2.8	0
	0.51	2.8	4.07555e-05
	0.52	2.8	0
	0.52	2.8	4.07555e-05
	0.53	2.8	0
	0.53	2.8	4.07555e-05
	0.54	2.8	0
	0.54	2.8	4.07555e-05
	0.55	2.8	0
	0.55	2.8	4.07555e-05
	0.56	2.8	0
	0.56	2.8	4.07555e-05
	0.57	2.8	0
	0.57	2.8	4.07555e-05
	0.58	2.8	0
	0.58	2.8	4.07555e-05
	0.59	2.8	0
	0.59	2.8	4.07555e-05
	0.6	2.8	0
	0.6	2.8	4.07555e-05


	1.4	0.2	0
	1.4	0.2	0.000162679
	1.41	0.2	0
	1.41	0.2	0.000162679
	1.42	0.2	0
	1.42	0.2	0.000162679
	1.43	0.2	0
	1.43	0.2	0.000162679
	1.44	0.2	0
	1.44	0.2	0.000162679
	1.45	0.2	0
	1.45	0.2	0.000162679
	1.46	0.2	0
	1.46	0.2	0.000162679
	1.47	0.2	0
	1.47	0.2	0.000162679
	1.48	0.2	0
	1.48	0.2	0.000162679
	1.49	0.2	0
	1.49	0.2	0.000162679
	1.5	0.2	0
	1.5	0.2	0.000162679
	1.51	0.2	0
	1.51	0.2	0.000162679
	1.52	0.2	0
	1.52	0.2	0.000162679
	1.53	0.2	0
	1.53	0.2	0.000162679
	1.54	0.2	0
	1.54	0.2	0.000162679
	1.55	0.2	0
	1.55	0.2	0.000162679
	1.56	0.2	0
	1.56	0.2	0.000162679
	1.57	0.2	0
	1.57	0.2	0.000162679
	1.58	0.2	0
	1.58	0.2	0.000162679
	1.59	0.2	0
	1.59	0.2	0.000162679
	1.6	0.2	0
	1.6	0.2	0.000162679

	1.4	0.8	0
	1.4	0.8	0.000162679
	1.41	0.8	0
	1.41	0.8	0.000162679
	1.42	0.8	0
	1.42	0.8	0.000162679
	1.43	0.8	0
	1.43	0.8	0.000162679
	1.44	0.8	0
	1.44	0.8	0.000162679
	1.45	0.8	0
	1.45	0.8	0.000162679
	1.46	0.8	0
	1.46	0.8	0.000162679
	1.47	0.8	0
	1.47	0.8	0.000162679
	1.48	0.8	0
	1.48	0.8	0.000162679
	1.49	0.8	0
	1.49	0.8	0.000162679
	1.5	0.8	0
	1.5	0.8	0.000162679
	1.51	0.8	0
	1.51	0.8	0.000162679
	1.52	0.8	0
	1.52	0.8	0.000162679
	1.53	0.8	0
	1.53	0.8	0.000162679
	1.54	0.8	0
	1.54	0.8	0.000162679
	1.55	0.8	0
	1.55	0.8	0.000162679
	1.56	0.8	0
	1.56	0.8	0.000162679
	1.57	0.8	0
	1.57	0.8	0.000162679
	1.58	0.8	0
	1.58	0.8	0.000162679
	1.59	0.8	0
	1.59	0.8	0.000162679
	1.6	0.8	0
	1.6	0.8	0.000162679


	1.4	2.2	0
	1.4	2.2	0.000108338
	1.41	2.2	0
	1.41	2.2	0.000108338
	1.42	2.2	0
	1.42	2.2	0.000108338
	1.43	2.2	0
	1.43	2.2	0.000108338
	1.44	2.2	0
	1.44	2.2	0.000108338
	1.45	2.2	0
	1.45	2.2	0.000108338
	1.46	2.2	0
	1.46	2.2	0.000108338
	1.47	2.2	0
	1.47	2.2	0.000108338
	1.48	2.2	0
	1.48	2.2	0.000108338
	1.49	2.2	0
	1.49	2.2	0.000108338
	1.5	2.2	0
	1.5	2.2	0.000108338
	1.51	2.2	0
	1.51	2.2	0.000108338
	1.52	2.2	0
	1.52	2.2	0.000108338
	1.53	2.2	0
	1.53	2.2	0.000108338
	1.54	2.2	0
	1.54	2.2	0.000108338
	1.55	2.2	0
	1.55	2.2	0.000108338
	1.56	2.2	0
	1.56	2.2	0.000108338
	1.57	2.2	0
	1.57	2.2	0.000108338
	1.58	2.2	0
	1.58	2.2	0.000108338
	1.59	2.2	0
	1.59	2.2	0.000108338
	1.6	2.2	0
	1.6	2.2	0.000108338

	1.4	2.8	0
	1.4	2.8	0.000108338
	1.41	2.8	0
	1.41	2.8	0.000108338
	1.42	2.8	0
	1.42	2.8	0.000108338
	1.43	2.8	0
	1.43	2.8	0.000108338
	1.44	2.8	0
	1.44	2.8	0.000108338
	1.45	2.8	0
	1.45	2.8	0.000108338
	1.46	2.8	0
	1.46	2.8	0.000108338
	1.47	2.8	0
	1.47	2.8	0.000108338
	1.48	2.8	0
	1.48	2.8	0.000108338
	1.49	2.8	0
	1.49	2.8	0.000108338
	1.5	2.8	0
	1.5	2.8	0.000108338
	1.51	2.8	0
	1.51	2.8	0.000108338
	1.52	2.8	0
	1.52	2.8	0.000108338
	1.53	2.8	0
	1.53	2.8	0.000108338
	1.54	2.8	0
	1.54	2.8	0.000108338
	1.55	2.8	0
	1.55	2.8	0.000108338
	1.56	2.8	0
	1.56	2.8	0.000108338
	1.57	2.8	0
	1.57	2.8	0.000108338
	1.58	2.8	0
	1.58	2.8	0.000108338
	1.59	2.8	0
	1.59	2.8	0.000108338
	1.6	2.8	0
	1.6	2.8	0.000108338


	2.4	0.2	0
	2.4	0.2	0
	2.41	0.2	0
	2.41	0.2	0
	2.42	0.2	0
	2.42	0.2	0
	2.43	0.2	0
	2.43	0.2	0
	2.44	0.2	0
	2.44	0.2	0
	2.45	0.2	0
	2.45	0.2	0
	2.46	0.2	0
	2.46	0.2	0
	2.47	0.2	0
	2.47	0.2	0
	2.48	0.2	0
	2.48	0.2	0
	2.49	0.2	0
	2.49	0.2	0
	2.5	0.2	0
	2.5	0.2	0
	2.51	0.2	0
	2.51	0.2	0
	2.52	0.2	0
	2.52	0.2	0
	2.53	0.2	0
	2.53	0.2	0
	2.54	0.2	0
	2.54	0.2	0
	2.55	0.2	0
	2.55	0.2	0
	2.56	0.2	0
	2.56	0.2	0
	2.57	0.2	0
	2.57	0.2	0
	2.58	0.2	0
	2.58	0.2	0
	2.59	0.2	0
	2.59	0.2	0
	2.6	0.2	0
	2.6	0.2	0

	2.4	0.8	0
	2.4	0.8	0
	2.41	0.8	0
	2.41	0.8	0
	2.42	0.8	0
	2.42	0.8	0
	2.43	0.8	0
	2.43	0.8	0
	2.44	0.8	0
	2.44	0.8	0
	2.45	0.8	0
	2.45	0.8	0
	2.46	0.8	0
	2.46	0.8	0
	2.47	0.8	0
	2.47	0.8	0
	2.48	0.8	0
	2.48	0.8	0
	2.49	0.8	0
	2.49	0.8	0
	2.5	0.8	0
	2.5	0.8	0
	2.51	0.8	0
	2.51	0.8	0
	2.52	0.8	0
	2.52	0.8	0
	2.53	0.8	0
	2.53	0.8	0
	2.54	0.8	0
	2.54	0.8	0
	2.55	0.8	0
	2.55	0.8	0
	2.56	0.8	0
	2.56	0.8	0
	2.57	0.8	0
	2.57	0.8	0
	2.58	0.8	0
	2.58	0.8	0
	2.59	0.8	0
	2.59	0.8	0
	2.6	0.8	0
	2.6	0.8	0


	2.4	2.2	0
	2.4	2.2	6.79258e-06
	2.41	2.2	0
	2.41	2.2	6.79258e-06
	2.42	2.2	0
	2.42	2.2	6.79258e-06
	2.43	2.2	0
	2.43	2.2	6.79258e-06
	2.44	2.2	0
	2.44	2.2	6.79258e-06
	2.45	2.2	0
	2.45	2.2	6.79258e-06
	2.46	2.2	0
	2.46	2.2	6.79258e-06
	2.47	2.2	0
	2.47	2.2	6.79258e-06
	2.48	2.2	0
	2.48	2.2	6.79258e-06
	2.49	2.2	0
	2.49	2.2	6.79258e-06
	2.5	2.2	0
	2.5	2.2	6.79258e-06
	2.51	2.2	0
	2.51	2.2	6.79258e-06
	2.52	2.2	0
	2.52	2.2	6.79258e-06
	2.53	2.2	0
	2.53	2.2	6.79258e-06
	2.54	2.2	0
	2.54	2.2	6.79258e-06
	2.55	2.2	0
	2.55	2.2	6.79258e-06
	2.56	2.2	0
	2.56	2.2	6.79258e-06
	2.57	2.2	0
	2.57	2.2	6.79258e-06
	2.58	2.2	0
	2.58	2.2	6.79258e-06
	2.59	2.2	0
	2.59	2.2	6.79258e-06
	2.6	2.2	0
	2.6	2.2	6.79258e-06

	2.4	2.8	0
	2.4	2.8	6.79258e-06
	2.41	2.8	0
	2.41	2.8	6.79258e-06
	2.42	2.8	0
	2.42	2.8	6.79258e-06
	2.43	2.8	0
	2.43	2.8	6.79258e-06
	2.44	2.8	0
	2.44	2.8	6.79258e-06
	2.45	2.8	0
	2.45	2.8	6.79258e-06
	2.46	2.8	0
	2.46	2.8	6.79258e-06
	2.47	2.8	0
	2.47	2.8	6.79258e-06
	2.48	2.8	0
	2.48	2.8	6.79258e-06
	2.49	2.8	0
	2.49	2.8	6.79258e-06
	2.5	2.8	0
	2.5	2.8	6.79258e-06
	2.51	2.8	0
	2.51	2.8	6.79258e-06
	2.52	2.8	0
	2.52	2.8	6.79258e-06
	2.53	2.8	0
	2.53	2.8	6.79258e-06
	2.54	2.8	0
	2.54	2.8	6.79258e-06
	2.55	2.8	0
	2.55	2.8	6.79258e-06
	2.56	2.8	0
	2.56	2.8	6.79258e-06
	2.57	2.8	0
	2.57	2.8	6.79258e-06
	2.58	2.8	0
	2.58	2.8	6.79258e-06
	2.59	2.8	0
	2.59	2.8	6.79258e-06
	2.6	2.8	0
	2.6	2.8	6.79258e-06


