	0.2	0.1	0
	0.2	0.1	0.666667
	0.2	0.3	0.666667
	0.2	0.3	0
	0.2	0.7	0
	0.2	0.7	0
	0.2	0.9	0
	0.2	0.9	0

	0.8	0.1	0
	0.8	0.1	0.666667
	0.8	0.3	0.666667
	0.8	0.3	0
	0.8	0.7	0
	0.8	0.7	0
	0.8	0.9	0
	0.8	0.9	0


	1.2	0.1	0
	1.2	0.1	0
	1.2	0.3	0
	1.2	0.3	0
	1.2	0.7	0
	1.2	0.7	0
	1.2	0.9	0
	1.2	0.9	0

	1.8	0.1	0
	1.8	0.1	0
	1.8	0.3	0
	1.8	0.3	0
	1.8	0.7	0
	1.8	0.7	0
	1.8	0.9	0
	1.8	0.9	0


	0.2	2.1	0
	0.2	2.1	1.33333
	0.2	2.3	1.33333
	0.2	2.3	0
	0.2	2.7	0
	0.2	2.7	0
	0.2	2.9	0
	0.2	2.9	0

	0.8	2.1	0
	0.8	2.1	1.33333
	0.8	2.3	1.33333
	0.8	2.3	0
	0.8	2.7	0
	0.8	2.7	0
	0.8	2.9	0
	0.8	2.9	0


	1.2	2.1	0
	1.2	2.1	1.33333
	1.2	2.3	1.33333
	1.2	2.3	0
	1.2	2.7	0
	1.2	2.7	1.33333
	1.2	2.9	1.33333
	1.2	2.9	0

	1.8	2.1	0
	1.8	2.1	1.33333
	1.8	2.3	1.33333
	1.8	2.3	0
	1.8	2.7	0
	1.8	2.7	1.33333
	1.8	2.9	1.33333
	1.8	2.9	0


