	0.2	0.1	0
	0.2	0.1	0.323523
	0.2	0.3	0.323523
	0.2	0.3	0
	0.2	0.7	0
	0.2	0.7	0
	0.2	0.9	0
	0.2	0.9	0

	0.8	0.1	0
	0.8	0.1	0.323523
	0.8	0.3	0.323523
	0.8	0.3	0
	0.8	0.7	0
	0.8	0.7	0
	0.8	0.9	0
	0.8	0.9	0


	1.2	0.1	0
	1.2	0.1	0
	1.2	0.3	0
	1.2	0.3	0
	1.2	0.7	0
	1.2	0.7	0
	1.2	0.9	0
	1.2	0.9	0

	1.8	0.1	0
	1.8	0.1	0
	1.8	0.3	0
	1.8	0.3	0
	1.8	0.7	0
	1.8	0.7	0
	1.8	0.9	0
	1.8	0.9	0


	0.2	2.1	0
	0.2	2.1	0.248276
	0.2	2.3	0.248276
	0.2	2.3	0
	0.2	2.7	0
	0.2	2.7	0
	0.2	2.9	0
	0.2	2.9	0

	0.8	2.1	0
	0.8	2.1	0.248276
	0.8	2.3	0.248276
	0.8	2.3	0
	0.8	2.7	0
	0.8	2.7	0
	0.8	2.9	0
	0.8	2.9	0


	1.2	2.1	0
	1.2	2.1	0.612245
	1.2	2.3	0.612245
	1.2	2.3	0
	1.2	2.7	0
	1.2	2.7	0.625
	1.2	2.9	0.625
	1.2	2.9	0

	1.8	2.1	0
	1.8	2.1	0.612245
	1.8	2.3	0.612245
	1.8	2.3	0
	1.8	2.7	0
	1.8	2.7	0.625
	1.8	2.9	0.625
	1.8	2.9	0


