	0.1	0.2	0
	0.1	0.2	0
	0.3	0.2	0
	0.3	0.2	0
	0.7	0.2	0
	0.7	0.2	0.666667
	0.9	0.2	0.666667
	0.9	0.2	0

	0.1	0.8	0
	0.1	0.8	0
	0.3	0.8	0
	0.3	0.8	0
	0.7	0.8	0
	0.7	0.8	0.666667
	0.9	0.8	0.666667
	0.9	0.8	0


	1.1	0.2	0
	1.1	0.2	0
	1.3	0.2	0
	1.3	0.2	0
	1.7	0.2	0
	1.7	0.2	1.33333
	1.9	0.2	1.33333
	1.9	0.2	0

	1.1	0.8	0
	1.1	0.8	0
	1.3	0.8	0
	1.3	0.8	0
	1.7	0.8	0
	1.7	0.8	1.33333
	1.9	0.8	1.33333
	1.9	0.8	0


	2.1	0.2	0
	2.1	0.2	0
	2.3	0.2	0
	2.3	0.2	0
	2.7	0.2	0
	2.7	0.2	0
	2.9	0.2	0
	2.9	0.2	0

	2.1	0.8	0
	2.1	0.8	0
	2.3	0.8	0
	2.3	0.8	0
	2.7	0.8	0
	2.7	0.8	0
	2.9	0.8	0
	2.9	0.8	0


