	0.1	0.2	0
	0.1	0.2	0
	0.3	0.2	0
	0.3	0.2	0
	0.7	0.2	0
	0.7	0.2	2
	0.9	0.2	2
	0.9	0.2	0

	0.1	0.8	0
	0.1	0.8	0
	0.3	0.8	0
	0.3	0.8	0
	0.7	0.8	0
	0.7	0.8	2
	0.9	0.8	2
	0.9	0.8	0


	1.1	0.2	0
	1.1	0.2	0
	1.3	0.2	0
	1.3	0.2	0
	1.7	0.2	0
	1.7	0.2	4
	1.9	0.2	4
	1.9	0.2	0

	1.1	0.8	0
	1.1	0.8	0
	1.3	0.8	0
	1.3	0.8	0
	1.7	0.8	0
	1.7	0.8	4
	1.9	0.8	4
	1.9	0.8	0


	2.1	0.2	0
	2.1	0.2	0
	2.3	0.2	0
	2.3	0.2	0
	2.7	0.2	0
	2.7	0.2	0
	2.9	0.2	0
	2.9	0.2	0

	2.1	0.8	0
	2.1	0.8	0
	2.3	0.8	0
	2.3	0.8	0
	2.7	0.8	0
	2.7	0.8	0
	2.9	0.8	0
	2.9	0.8	0


